[gd_scene load_steps=18 format=2]

[ext_resource path="res://addons/virtualcamera/VCameraBrain.gd" type="Script" id=1]
[ext_resource path="res://addons/virtualcamera/TransformModifiers/UniformMovement/UniformRotation.gd" type="Script" id=2]
[ext_resource path="res://addons/virtualcamera/VCameras/VCamera.gd" type="Script" id=3]
[ext_resource path="res://addons/virtualcamera/TransformModifiers/Follow.gd" type="Script" id=4]
[ext_resource path="res://addons/virtualcamera/TransformModifiers/LookAt.gd" type="Script" id=5]

[sub_resource type="ProceduralSky" id=1]
sky_top_color = Color( 0.313726, 0.54902, 0.843137, 1 )
sky_horizon_color = Color( 0.862745, 0.960784, 1, 1 )
ground_bottom_color = Color( 0, 0, 0, 1 )
ground_horizon_color = Color( 0.392157, 0.411765, 0.392157, 1 )
sun_color = Color( 0.862745, 0.960784, 1, 1 )
sun_latitude = 30.0
sun_longitude = -150.0
sun_angle_min = 2.0
sun_angle_max = 30.0

[sub_resource type="Environment" id=2]
background_mode = 2
background_sky = SubResource( 1 )
ambient_light_color = Color( 0.27451, 0.27451, 0.27451, 1 )
ambient_light_sky_contribution = 0.1
fog_enabled = true
fog_color = Color( 0.392157, 0.411765, 0.392157, 0.117647 )
fog_sun_color = Color( 0.901961, 0.784314, 0.431373, 0.117647 )
fog_sun_amount = 0.3
fog_depth_begin = 5.0

[sub_resource type="SpatialMaterial" id=4]
albedo_color = Color( 0.392157, 0.72549, 0.392157, 1 )
roughness = 0.7

[sub_resource type="SpatialMaterial" id=10]
albedo_color = Color( 0.901961, 0.784314, 0.431373, 1 )

[sub_resource type="CylinderMesh" id=5]
top_radius = 0.5
bottom_radius = 0.5

[sub_resource type="SpatialMaterial" id=11]
albedo_color = Color( 0.333333, 0.254902, 0.372549, 1 )

[sub_resource type="CylinderMesh" id=6]
top_radius = 1.5
bottom_radius = 1.5
height = 1.0

[sub_resource type="CylinderMesh" id=7]
top_radius = 0.75
bottom_radius = 0.75
height = 1.0

[sub_resource type="CubeMesh" id=12]
size = Vector3( 4, 4, 4 )

[sub_resource type="PrismMesh" id=8]
size = Vector3( 2, 3, 0.3 )

[sub_resource type="SpatialMaterial" id=9]
albedo_color = Color( 0.843137, 0.45098, 0.333333, 1 )
roughness = 0.45

[sub_resource type="SpatialMaterial" id=13]
albedo_color = Color( 0.313726, 0.54902, 0.843137, 1 )
roughness = 0.45

[node name="SplitScreenExample" type="Node"]

[node name="HBoxContainer" type="HBoxContainer" parent="."]
anchor_right = 1.0
anchor_bottom = 1.0
custom_constants/separation = 0

[node name="ViewportContainer1" type="ViewportContainer" parent="HBoxContainer"]
margin_right = 512.0
margin_bottom = 600.0
size_flags_horizontal = 3
size_flags_vertical = 3
stretch = true

[node name="Viewport" type="Viewport" parent="HBoxContainer/ViewportContainer1"]
size = Vector2( 512, 600 )
handle_input_locally = false
render_target_update_mode = 3
shadow_atlas_size = 1

[node name="VCameraBrain" type="Camera" parent="HBoxContainer/ViewportContainer1/Viewport"]
process_priority = -1000
transform = Transform( -1, -1.77636e-15, 7.10543e-15, 0, 0.980581, 0.196116, -7.10543e-15, 0.196116, -0.980581, 13, 0.8, -5 )
script = ExtResource( 1 )
target_group = "vcamera_1"

[node name="ViewportContainer2" type="ViewportContainer" parent="HBoxContainer"]
margin_left = 512.0
margin_right = 1024.0
margin_bottom = 600.0
size_flags_horizontal = 3
size_flags_vertical = 3
stretch = true

[node name="Viewport" type="Viewport" parent="HBoxContainer/ViewportContainer2"]
size = Vector2( 512, 600 )
handle_input_locally = false
render_target_update_mode = 3
shadow_atlas_size = 1

[node name="VCameraBrain" type="Camera" parent="HBoxContainer/ViewportContainer2/Viewport"]
process_priority = -1000
transform = Transform( -5.54602e-06, 0.132583, -0.991172, 0, 0.991172, 0.132583, 1, 7.35308e-07, -5.49706e-06, 11.8849, 0.484212, -2.83683e-05 )
script = ExtResource( 1 )
target_group = "vcamera_2"

[node name="World" type="Node" parent="."]

[node name="WorldEnvironment" type="WorldEnvironment" parent="World"]
environment = SubResource( 2 )

[node name="DirectionalLight" type="DirectionalLight" parent="World"]
transform = Transform( 0.866025, 0.25, -0.433013, 0, 0.866025, 0.5, 0.5, -0.433012, 0.75, 0, 10, 0 )
shadow_enabled = true

[node name="Level" type="Spatial" parent="World"]

[node name="Ground" type="CSGCombiner" parent="World/Level"]

[node name="CSGBox" type="CSGBox" parent="World/Level/Ground"]
transform = Transform( 1, 0, 0, 0, 1, 0, 0, 0, 1, 0, -2, 0 )
width = 60.0
height = 4.0
depth = 60.0
material = SubResource( 4 )

[node name="CSGTorus" type="CSGTorus" parent="World/Level/Ground"]
transform = Transform( 1, 0, 0, 0, 0.4, 0, 0, 0, 1, 0, 0, 0 )
operation = 2
inner_radius = 10.0
outer_radius = 20.0
sides = 32
material = SubResource( 10 )

[node name="Pillar1" type="MeshInstance" parent="World/Level"]
transform = Transform( 1, 0, 0, 0, 1, 0, 0, 0, 1, 6.64687, 1, 5.30097 )
mesh = SubResource( 5 )
skeleton = NodePath("../..")
material/0 = SubResource( 11 )

[node name="Pillar2" type="MeshInstance" parent="World/Level"]
transform = Transform( 1, 0, 0, 0, 1, 0, 0, 0, 1, -20.8734, 0.999999, 3.07021 )
mesh = SubResource( 5 )
skeleton = NodePath("../..")
material/0 = SubResource( 11 )

[node name="Pillar3" type="MeshInstance" parent="World/Level"]
transform = Transform( 1, 0, 0, 0, 1, 0, 0, 0, 1, -11.3295, 0.5, 18.861 )
mesh = SubResource( 6 )
skeleton = NodePath("../..")
material/0 = SubResource( 11 )

[node name="Pillar4" type="MeshInstance" parent="World/Level/Pillar3"]
transform = Transform( 1, 0, 0, 0, 1, 0, 0, 0, 1, 0.5, 1, -0.5 )
mesh = SubResource( 7 )
skeleton = NodePath("../../..")
material/0 = SubResource( 11 )

[node name="Block1" type="MeshInstance" parent="World/Level"]
transform = Transform( 0.965926, 0, 0.258819, 0, 1, 0, -0.258819, 0, 0.965926, 19.0351, 2, 22.0545 )
mesh = SubResource( 12 )
skeleton = NodePath("../..")
material/0 = SubResource( 11 )

[node name="Block2" type="MeshInstance" parent="World/Level"]
transform = Transform( 0.866025, 0, -0.5, 0, 1, 0, 0.5, 0, 0.866025, -5.96492, 2, -2.94551 )
mesh = SubResource( 12 )
skeleton = NodePath("../..")
material/0 = SubResource( 11 )

[node name="Block3" type="MeshInstance" parent="World/Level"]
transform = Transform( 1, 0, -1.73205, 0, 2, 0, 1.73205, 0, 1, 17.0351, 4, -18.9455 )
mesh = SubResource( 12 )
skeleton = NodePath("../..")
material/0 = SubResource( 11 )

[node name="Players" type="Spatial" parent="World"]

[node name="UniformRotation1" type="Spatial" parent="World/Players"]
script = ExtResource( 2 )
degrees_per_second = Vector3( 0, -26, 0 )

[node name="Player1" type="MeshInstance" parent="World/Players/UniformRotation1"]
transform = Transform( 0.984808, -6.64073e-10, -0.173648, -0.173648, -7.5904e-09, -0.984808, -6.64073e-10, 1, -7.5904e-09, 13, -1.2, 0 )
mesh = SubResource( 8 )
skeleton = NodePath("../../../..")
material/0 = SubResource( 9 )

[node name="UniformRotation2" type="Spatial" parent="World/Players"]
script = ExtResource( 2 )
degrees_per_second = Vector3( 0, -22, 0 )

[node name="Player2" type="MeshInstance" parent="World/Players/UniformRotation2"]
transform = Transform( 0.984808, 6.64073e-10, 0.173648, 0.173648, -7.5904e-09, -0.984808, 6.64073e-10, 1, -7.5904e-09, 17, -1.2, 0 )
mesh = SubResource( 8 )
skeleton = NodePath("../../../..")
material/0 = SubResource( 13 )

[node name="VCameras" type="Spatial" parent="World"]

[node name="Follow" type="Spatial" parent="World/VCameras"]
transform = Transform( 1, 0, 0, 0, 1, 0, 0, 0, 1, 13, -1.2, 0 )
script = ExtResource( 4 )
follow_target = NodePath("../../Players/UniformRotation1/Player1")
follow_lerp_t = 0.188

[node name="LookAt" type="Spatial" parent="World/VCameras/Follow"]
transform = Transform( -1, 0, -8.74228e-08, 0, 1, 0, 8.74228e-08, 0, -1, 0, 0, 0 )
script = ExtResource( 5 )
look_at_target = NodePath("../../../Players/UniformRotation1/Player1")
look_at_lerp_t = 0.1

[node name="LookAt" type="Spatial" parent="World/VCameras/Follow/LookAt"]
transform = Transform( 1, 1.7145e-08, -8.57251e-08, 0, 0.980581, 0.196116, 8.74228e-08, -0.196116, 0.980581, 0, 2, 5 )
script = ExtResource( 5 )
look_at_target = NodePath("../../../../Players/UniformRotation1/Player1")
look_at_offset = Vector3( 0, 1, 0 )

[node name="VCamera" type="Spatial" parent="World/VCameras/Follow/LookAt/LookAt" groups=["vcamera_1"]]
process_priority = -1000
script = ExtResource( 3 )
fov = 90.0

[node name="Follow2" type="Spatial" parent="World/VCameras"]
transform = Transform( 1, 0, 0, 0, 1, 0, 0, 0, 1, 17, -1.2, -2.8026e-45 )
script = ExtResource( 4 )
follow_target = NodePath("../../Players/UniformRotation2/Player2")
follow_lerp_t = 0.188

[node name="LookAt" type="Spatial" parent="World/VCameras/Follow2"]
transform = Transform( -7.5757e-07, -0.0623782, -0.998053, -2.23517e-08, 0.998053, -0.0623782, 1, -2.49477e-08, -7.57489e-07, 0, 0, 0 )
script = ExtResource( 5 )
look_at_target = NodePath("../../../Players/UniformRotation2/Player2")
look_at_lerp_t = 0.1

[node name="LookAt" type="Spatial" parent="World/VCameras/Follow2/LookAt"]
transform = Transform( 1, 6.12713e-07, -4.74914e-06, 3.21003e-07, 0.980971, 0.194152, 4.77773e-06, -0.194152, 0.980971, -2.45309e-05, 2, 5.00005 )
script = ExtResource( 5 )
look_at_target = NodePath("../../../../Players/UniformRotation2/Player2")
look_at_offset = Vector3( 0, 1, 0 )

[node name="VCamera" type="Spatial" parent="World/VCameras/Follow2/LookAt/LookAt" groups=["vcamera_2"]]
process_priority = -1000
script = ExtResource( 3 )
fov = 90.0
